Polygon 4(0) - GET GPS
0.0,130.434837628,62.3172863593,0.0,0.0,0.0,-0.471008536765,0.882128651782

Polygon 4(0) - GET DGPS
0,-133.711837628,-40.0512863593,0.0,0.0,0.0,0.882128651782,0.471008536765

Polygon 4(0) - GET LASERS
30.0,30.0,30.0,30.0,30.0,30.0,30.0,30.0,30.0,30.0,30.0,30.0,30.0,30.0,30.0,30.0,30.0,30.0,30.0,30.0,30.0,30.0,30.0,30.0,30.0,30.0,30.0,30.0,30.0,30.0,30.0,30.0,30.0,30.0,30.0,30.0,30.0,30.0,30.0,30.0,30.0,30.0,30.0,30.0,30.0,30.0,30.0,30.0,30.0,30.0,30.0,30.0,30.0,30.0,30.0,30.0,30.0,30.0,30.0,30.0,30.0,30.0,30.0,30.0,30.0,30.0,30.0,30.0,30.0,30.0,30.0,30.0,30.0,30.0,30.0,30.0,30.0,30.0,30.0,30.0,30.0,30.0,30.0,30.0,30.0,30.0,30.0,30.0,30.0,30.0,30.0,30.0,30.0,30.0,30.0,30.0,30.0,30.0,30.0,30.0,30.0,30.0,30.0,30.0,30.0,30.0,30.0,30.0,30.0,30.0,30.0,30.0,30.0,30.0,30.0,30.0,30.0,30.0,30.0,30.0,30.0,30.0,30.0,30.0,30.0,30.0,30.0,30.0,30.0,30.0,30.0,30.0,30.0,30.0,30.0,30.0,30.0,30.0,30.0,30.0,30.0,30.0,30.0,30.0,30.0,30.0,30.0,30.0,30.0,30.0,30.0,30.0,30.0,30.0,30.0,30.0,30.0,30.0,30.0,30.0,30.0,30.0,30.0,30.0,30.0,30.0,30.0,30.0,30.0,30.0,30.0,30.0,30.0,30.0,30.0,30.0,30.0,30.0,30.0,30.0,30.0,30.0,30.0,30.0,30.0,30.0,30.0,30.0,30.0,30.0,30.0,30.0,30.0,30.0,30.0,30.0,30.0,30.0,30.0,30.0,30.0,30.0,30.0,30.0,30.0,30.0,30.0,30.0,30.0,30.0,30.0,30.0,30.0,30.0,30.0,30.0,30.0,30.0,30.0,30.0,30.0,30.0,30.0,30.0,30.0,30.0,30.0,30.0,30.0,30.0,30.0,30.0,30.0,30.0,30.0,30.0,30.0,30.0,30.0,30.0,30.0,30.0,30.0,30.0,30.0,30.0,30.0,30.0,30.0,30.0,30.0,30.0,30.0,30.0,30.0,30.0,30.0,30.0,30.0,30.0,30.0,30.0,30.0,30.0,30.0,30.0,30.0,30.0,30.0,30.0,30.0,30.0,30.0,30.0,30.0,30.0,30.0,30.0,30.0,30.0,30.0,30.0,30.0,30.0,30.0,30.0,30.0,30.0,30.0,30.0,30.0,30.0,

Polygon 4(0) - MOVE 0.500000
0.0,130.434837628,62.3172863593,0.0,0.0,0.0,-0.471008536765,0.882128651782

Polygon 4(0) - STOP
0.0,131.102399928,61.3201100581,0.0,0.0,0.0,-0.471008536765,0.882128651782

Polygon 4(0) - TURN 0.261799
0.0,131.130215024,61.2785610455,0.0,0.0,0.0,-0.471008536765,0.882128651782

Polygon 4(0) - STOP
0.0,131.130215024,61.2785610455,0.0,0.0,0.0,-0.175363451643,0.984503763237

Polygon 4(1) - GET GPS
0.0,131.130215024,61.2785610455,0.0,0.0,0.0,-0.149532093193,0.988756872596

Polygon 4(1) - GET DGPS
0,-134.407215024,-39.0125610455,0.0,0.0,0.0,0.988756872596,0.149532093193

Polygon 4(1) - GET LASERS
30.0,30.0,30.0,30.0,30.0,30.0,30.0,30.0,30.0,30.0,30.0,30.0,30.0,30.0,30.0,30.0,30.0,30.0,30.0,30.0,30.0,30.0,30.0,30.0,30.0,30.0,30.0,30.0,30.0,30.0,30.0,30.0,30.0,30.0,30.0,30.0,30.0,30.0,30.0,30.0,30.0,30.0,30.0,30.0,30.0,30.0,30.0,30.0,30.0,30.0,30.0,30.0,30.0,30.0,30.0,30.0,30.0,30.0,30.0,30.0,30.0,30.0,30.0,30.0,30.0,30.0,30.0,30.0,30.0,30.0,30.0,30.0,30.0,30.0,30.0,30.0,30.0,30.0,30.0,30.0,30.0,30.0,30.0,30.0,30.0,30.0,30.0,30.0,30.0,30.0,30.0,30.0,30.0,30.0,30.0,30.0,30.0,30.0,30.0,30.0,30.0,30.0,30.0,30.0,30.0,30.0,30.0,30.0,30.0,30.0,30.0,30.0,30.0,30.0,30.0,30.0,30.0,30.0,30.0,30.0,30.0,30.0,30.0,30.0,30.0,30.0,30.0,30.0,30.0,30.0,30.0,30.0,30.0,30.0,30.0,30.0,30.0,30.0,30.0,30.0,30.0,30.0,30.0,30.0,30.0,30.0,30.0,30.0,30.0,30.0,30.0,30.0,30.0,30.0,30.0,30.0,30.0,30.0,30.0,30.0,30.0,30.0,30.0,30.0,30.0,30.0,30.0,30.0,30.0,30.0,30.0,30.0,30.0,30.0,30.0,30.0,30.0,30.0,30.0,30.0,30.0,30.0,30.0,30.0,30.0,30.0,30.0,30.0,30.0,30.0,30.0,30.0,30.0,30.0,30.0,30.0,30.0,30.0,30.0,30.0,30.0,30.0,30.0,30.0,30.0,30.0,30.0,30.0,30.0,30.0,30.0,30.0,30.0,30.0,30.0,30.0,30.0,30.0,30.0,30.0,30.0,30.0,30.0,30.0,30.0,30.0,30.0,30.0,30.0,30.0,30.0,30.0,30.0,30.0,30.0,30.0,30.0,30.0,30.0,30.0,30.0,30.0,30.0,30.0,30.0,30.0,30.0,30.0,30.0,30.0,30.0,30.0,30.0,30.0,30.0,30.0,30.0,30.0,30.0,30.0,30.0,30.0,30.0,30.0,30.0,30.0,30.0,30.0,30.0,30.0,30.0,30.0,30.0,30.0,30.0,30.0,30.0,30.0,30.0,30.0,30.0,30.0,30.0,30.0,30.0,30.0,30.0,30.0,30.0,30.0,30.0,30.0,30.0,30.0,30.0,30.0,30.0,30.0,30.0,30.0,30.0,30.0,30.0,30.0,30.0,30.0,30.0,30.0,30.0,30.0,30.0,30.0,30.0,30.0,30.0,30.0,30.0,30.0,30.0,30.0,30.0,30.0,30.0,30.0,30.0,30.0,30.0,30.0,30.0,30.0,30.0,30.0,30.0,30.0,30.0,30.0,30.0,30.0,30.0,30.0,30.0,30.0,30.0,30.0,30.0,30.0,30.0,30.0,30.0,30.0,30.0,30.0,30.0,30.0,30.0,30.0,30.0,30.0,30.0,30.0,30.0,30.0,30.0,30.0,30.0,30.0,30.0,30.0,30.0,30.0,30.0,30.0,30.0,30.0,30.0,30.0,30.0,30.0,30.0,30.0,30.0,30.0,30.0,30.0,30.0,30.0,30.0,30.0,30.0,30.0,30.0,30.0,30.0,30.0,30.0,30.0,30.0,30.0,30.0,30.0,30.0,30.0,30.0,30.0,30.0,30.0,30.0,30.0,30.0,30.0,30.0,30.0,30.0,30.0,30.0,30.0,30.0,30.0,30.0,30.0,30.0,30.0,30.0,30.0,30.0,30.0,30.0,30.0,30.0,30.0,30.0,30.0,30.0,30.0,30.0,30.0,30.0,30.0,30.0,30.0,30.0,30.0,30.0,30.0,30.0,30.0,30.0,30.0,30.0,30.0,30.0,30.0,30.0,30.0,30.0,30.0,30.0,30.0,30.0,30.0,30.0,30.0,30.0,30.0,30.0,30.0,30.0,30.0,30.0,30.0,30.0,30.0,30.0,30.0,30.0,30.0,30.0,30.0,30.0,30.0,30.0,30.0,30.0,30.0,30.0,30.0,30.0,30.0,30.0,30.0,30.0,30.0,30.0,30.0,30.0,30.0,30.0,30.0,30.0,30.0,30.0,30.0,30.0,30.0,30.0,30.0,30.0,30.0,30.0,30.0,30.0,30.0,30.0,30.0,30.0,30.0,30.0,30.0,30.0,30.0,30.0,30.0,30.0,30.0,30.0,30.0,30.0,30.0,30.0,30.0,30.0,30.0,30.0,30.0,30.0,30.0,30.0,30.0,30.0,30.0,30.0,30.0,30.0,30.0,30.0,30.0,30.0,30.0,30.0,30.0,30.0,30.0,30.0,30.0,30.0,30.0,30.0,30.0,30.0,30.0,30.0,30.0,30.0,30.0,30.0,30.0,30.0,30.0,30.0,30.0,30.0,30.0,30.0,30.0,30.0,30.0,30.0,30.0,30.0,30.0,30.0,30.0,30.0,30.0,30.0,30.0,30.0,30.0,30.0,30.0,30.0,30.0,30.0,30.0,30.0,30.0,30.0,30.0,30.0,30.0,30.0,30.0,30.0,30.0,30.0,30.0,30.0,30.0,30.0,30.0,30.0,30.0,30.0,30.0,30.0,30.0,30.0,30.0,30.0,30.0,30.0,30.0,30.0,30.0,30.0,30.0,30.0,30.0,30.0,30.0,30.0,30.0,30.0,30.0,30.0,30.0,30.0,30.0,30.0,30.0,30.0,30.0,30.0,30.0,30.0,30.0,30.0,30.0,30.0,30.0,30.0,30.0,30.0,30.0,30.0,30.0,30.0,30.0,30.0,30.0,30.0,30.0,30.0,30.0,30.0,30.0,30.0,30.0,30.0,30.0,30.0,30.0,30.0,30.0,30.0,30.0,30.0,30.0,30.0,30.0,30.0,30.0,30.0,30.0,30.0,30.0,30.0,30.0,30.0,30.0,30.0,30.0,30.0,30.0,30.0,30.0,30.0,30.0,30.0,30.0,30.0,30.0,30.0,30.0,30.0,30.0,30.0,30.0,30.0,30.0,30.0,30.0,30.0,30.0,30.0,30.0,30.0,30.0,30.0,30.0,30.0,30.0,30.0,30.0,30.0,30.0,30.0,30.0,30.0,30.0,30.0,30.0,30.0,30.0,30.0,30.0,30.0,30.0,30.0,30.0,30.0,30.0,30.0,30.0,30.0,30.0,30.0,30.0,30.0,30.0,30.0,30.0,30.0,30.0,30.0,30.0,30.0,30.0,30.0,30.0,30.0,30.0,30.0,30.0,30.0,30.0,30.0,30.0,30.0,30.0,30.0,30.0,30.0,30.0,30.0,30.0,30.0,30.0,30.0,30.0,30.0,30.0,30.0,30.0,30.0,30.0,30.0,30.0,30.0,30.0,30.0,30.0,30.0,30.0,30.0,30.0,30.0,30.0,30.0,30.0,30.0,30.0,30.0,30.0,30.0,30.0,30.0,30.0,30.0,30.0,30.0,30.0,30.0,30.0,30.0,30.0,30.0,30.0,30.0,30.0,30.0,30.0,30.0,30.0,30.0,30.0,30.0,30.0,30.0,30.0,30.0,30.0,30.0,30.0,30.0,30.0,30.0,30.0,30.0,30.0,30.0,30.0,30.0,30.0,30.0,30.0,30.0,30.0,30.0,30.0,30.0,30.0,30.0,30.0,30.0,30.0,30.0,30.0,30.0,30.0,30.0,30.0,30.0,30.0,30.0,30.0,30.0,30.0,30.0,30.0,30.0,30.0,30.0,30.0,30.0,30.0,

Polygon 4(1) - MOVE 0.500000
0.0,131.130215024,61.2785610455,0.0,0.0,0.0,-0.149532093193,0.988756872596

Polygon 4(1) - STOP
0.0,132.276551391,60.9237189219,0.0,0.0,0.0,-0.149532093193,0.988756872596

Polygon 4(1) - TURN 0.261799
0.0,132.324315406,60.9089338335,0.0,0.0,0.0,-0.149532093193,0.988756872596

Polygon 4(1) - STOP
0.0,132.372079422,60.894148745,0.0,0.0,0.0,0.163328746201,0.986571700721

Polygon 4(2) - GET GPS
0.0,132.372079422,60.894148745,0.0,0.0,0.0,0.176228558909,0.984349274915

Polygon 4(2) - GET DGPS
0,-135.649079422,-38.628148745,0.0,0.0,0.0,0.984349274915,-0.176228558909

